  (0, 1)	1
  (0, 2)	-1
  (0, 3)	1
  (0, 5)	1
  (0, 7)	1
  (0, 9)	-1
  (0, 14)	-1
  (0, 15)	1
  (0, 16)	1
  (0, 20)	-1
  (0, 22)	-1
  (0, 23)	1
  (0, 25)	1
  (0, 27)	-1
  (0, 28)	-1
  (0, 29)	-1
  (0, 32)	1
  (0, 34)	-1
  (0, 37)	1
  (0, 43)	1
  (0, 44)	1
  (0, 46)	-1
  (0, 47)	1
  (0, 54)	-1
  (0, 56)	1
  :	:
  (46, 46)	-1
  (46, 58)	-1
  (46, 107)	-1
  (46, 118)	-1
  (47, 102)	-1
  (48, 0)	-1
  (48, 17)	-1
  (48, 100)	-1
  (49, 6)	-1
  (49, 85)	-1
  (49, 95)	-1
  (50, 22)	-1
  (50, 68)	-1
  (50, 71)	-1
  (50, 74)	-1
  (50, 82)	-1
  (50, 90)	-1
  (51, 87)	-1
  (52, 29)	-1
  (52, 76)	-1
  (52, 77)	-1
  (53, 32)	-1
  (53, 45)	-1
  (53, 64)	-1
  (54, 12)	-1